0.0 1.0 1.0 0.0 0.0
0.04005340453938585 1.038185114795571 0.906159486558537 0.002011103039666685 0.10054205369869676
0.0801068090787717 1.0725509455339204 0.8094274661129465 0.008060032978483034 0.2015283664614079
0.12016021361815754 1.1029980897096043 0.7106228229861247 0.01815334362814497 0.30239806729445856
0.1602136181575434 1.1294599280225828 0.6105641586125536 0.032275140390109966 0.40259082032532056
0.20026702269692923 1.1519025373366432 0.5100642796030733 0.05038714884880437 0.5015502568336145
0.24032042723631508 1.170324339909301 0.4099244225399475 0.0724289486800136 0.5987275890532263
0.2803738317757009 1.1847555274069452 0.3109288285868407 0.09831834801376202 0.6935850287210458
0.3204272363150868 1.1952572737942995 0.21383949976727426 0.1279518913230637 0.785599113486288
0.3604806408544726 1.2019207440826445 0.11939116174271425 0.16120549738235973 0.8742639255325996
0.40053404539385845 1.2048659196208948 0.028286508254458952 0.19793521487130383 0.9590941540668347
0.44058744993324434 1.204240207730457 -0.058808400524785025 0.23797811734430624 1.0396280843245598
0.48064085447263016 1.2002168547725127 -0.1412684071639984 0.2811533261766951 1.1154304008323968
0.520694259012016 1.1929932868899977 -0.21851299661230944 0.3272630830558835 1.1860946707849718
0.5607476635514018 1.1827891971752542 -0.2900099397366434 0.37609398935552385 1.251245794095202
0.6008010680907877 1.1698446638555218 -0.35527828508108744 0.4274182290405619 1.310542047359905
0.6408544726301736 1.154417887736738 -0.4138913932223317 0.4809950438477483 1.36367719361552
0.6809078771695594 1.1367829906197895 -0.46547923636715294 0.5365721747204529 1.4103821316129044
0.7209612817089452 1.1172278138714673 -0.5097301698543473 0.5938873095194591 1.4504262186243306
0.7610146862483311 1.096051469710483 -0.546392626972152 0.6526696988420381 1.4836185713284307
0.8010680907877169 1.0735619244200487 -0.5752761606157563 0.7126417603432892 1.509808959342186
0.8411214953271028 1.0500735064935443 -0.5962520937317501 0.7735207404126757 1.5288884639419138
0.8811748998664887 1.025904458452264 -0.609253775829576 0.8350203557545419 1.5407898882597073
0.9212283044058746 1.0013743757655587 -0.6142763477153347 0.8968525217899058 1.5454878738028988
0.9612817089452603 0.9768020908814216 -0.6113760983282146 0.9587287924037975 1.5429987177950235
1.0013351134846462 0.9525028393168599 -0.6006695068685144 1.0203622923665272 1.5333800679200733
1.041388518024032 0.928785914083287 -0.582331642920096 1.08146933894501 1.516730167312185
1.081441922563418 0.9059524940548869 -0.5565943716358744 1.1417709546685193 1.4931869589955813
1.1214953271028036 0.8842934685049036 -0.5237442491186461 1.2009943936975713 1.4629269966557172
1.1615487316421895 0.8640871313744094 -0.48411980601414795 1.2588747769868334 1.4261639857317048
1.2016021361815754 0.8455971725171803 -0.4381085557122323 1.3151565404636996 1.383147119461545
1.2416555407209613 0.8290708114313228 -0.386143766788121 1.3695947989726014 1.3341592503083397
1.2817089452603472 0.8147373736797175 -0.32870164216876113 1.4219564016396211 1.2795152684646363
1.321762349799733 0.8028059063205814 -0.266296230055365 1.4720217150961747 1.219559155598495
1.3618157543391187 0.7934643858110276 -0.1994763896642877 1.5195852746835734 1.154662154712548
1.4018691588785046 0.786877910002018 -0.12882086378103572 1.5644571838748453 1.0852198581472172
1.4419225634178905 0.7831881719004876 -0.05493478667102667 1.6064636122753448 1.0116500549512801
1.4819759679572764 0.7825120987429388 0.021555497827028987 1.6454479209897483 0.9343895977461254
1.5220293724966623 0.7849411297011036 0.10000685800697216 1.681271334717893 0.8538916776945245
1.5620827770360481 0.7905407655397417 0.17976421522074545 1.713813460441294 0.7706227941376637
1.6021361815754338 0.7993500627229632 0.26016521057953024 1.7429728354403828 0.6850598397972436
1.6421895861148197 0.8113814873667637 0.34054501284803385 1.7686672523809877 0.5976870457218447
1.6822429906542056 0.8266209082813776 0.420241086953904 1.7908339952684196 0.5089929289823069
1.7222963951935915 0.8450277786563617 0.49859783138007635 1.8094299502265552 0.4194672946923099
1.7623497997329773 0.866535510812845 0.574971239724639 1.82443159626816 0.32959819108586075
1.8024032042723632 0.89105205597072 0.6487335070776766 1.8358348650605316 0.23986886538118204
1.842456608811749 0.9184606523870893 0.7192773447521362 1.8436548814565805 0.15075487690597594
1.8825100133511348 0.9486204223305038 0.7860188606880132 1.847925729600357 0.06272215188292386
1.9225634178905207 0.9813679771810583 0.8484042126691616 1.8486997716913045 -0.02377755019781778
1.9626168224299065 1.0165182651223665 0.9059121858475904 1.8460472431020087 -0.10830843452403745
2.0026702269692924 1.053866079292132 0.9580561758310409 1.8400554084777572 -0.19045221122570488
2.0427236315086783 1.093187485717956 1.004389131574911 1.8308279101573284 -0.26981151637119943
2.082777036048064 1.134241478128352 1.0445059897071847 1.8184838549737343 -0.346011774966355
2.12283044058745 1.176771717780738 1.0780462917897145 1.8031568574135457 -0.41870320256971794
2.162883845126836 1.2205083313655525 1.1046966168539956 1.7849940379252958 -0.4875627029310561
2.202937249666222 1.2651698820129227 1.1241923521378758 1.76415488207522 -0.5522953883667995
2.2429906542056073 1.3104653679800913 1.1363194416345992 1.7408100815373955 -0.6126360907558255
2.283044058744993 1.3560961978583144 1.1409156261075426 1.7151403642729872 -0.6683505591107882
2.323097463284379 1.401758396906897 1.1378712908485116 1.6873351632070077 -0.7192364528328555
2.363150867823765 1.447144607620707 1.127130089378852 1.6575913997295764 -0.7651241672811137
2.403204272363151 1.491946325024314 1.1086890850379865 1.6261120992342402 -0.8058774009245564
2.4432576769025367 1.535855959818957 1.0825985496999002 1.5931050933725472 -0.8413934869462588
2.4833110814419226 1.5785690234935827 1.0489614260229172 1.5587816315310208 -0.871603538402651
2.5233644859813085 1.6197861637443318 1.0079324284231288 1.5233550637841515 -0.8964723494484694
2.5634178905206944 1.659215266957679 0.9597167915065653 1.4870394653736105 -0.9159980920498773
2.6034712950600802 1.6965733997664787 0.9045686562848723 1.4500483384626273 -0.9302117659109406
2.643524699599466 1.7315887844703681 0.842789261787914 1.4125932839301325 -0.9391765351889889
2.683578104138852 1.764002611296666 0.7747246341362467 1.3748827440034648 -0.9429867319754459
2.7236315086782374 1.7935707494263262 0.7007631800722209 1.3371207999913919 -0.9417667850115413
2.7636849132176233 1.8200654676642256 0.62133289256601 1.299505944135043 -0.9356699130429155
2.803738317757009 1.8432769043989583 0.5368983418986694 1.2622299889835038 -0.9248766460611106
2.843791722296395 1.863014486802842 0.4479574445883351 1.2254769947351982 -0.9095932021988621
2.883845126835781 1.879108197238704 0.35503802860047434 1.1894222761195188 -0.8900497146851989
2.923898531375167 1.8914097008395545 0.2586942206419933 1.1542314816210957 -0.8664983266271996
2.9639519359145527 1.899793309938253 0.1595026633246906 1.1200597594757922 -0.8392111539053971
3.0040053404539386 1.904156821218665 0.058058639794814876 1.0870509932827066 -0.8084781695242229
3.0440587449933245 1.9044222028385815 -0.045027899907388765 1.0553371200866577 -0.7746050016617693
3.0841121495327104 1.9005360758916718 -0.14913645523985042 1.0250375611898397 -0.7379106087001862
3.1241655540720963 1.8924700224445639 -0.25364006295764535 0.996258754789975 -0.6987249399580029
3.164218958611482 1.8802208406068306 -0.3579094028453124 0.9690937184431241 -0.6573865758538902
3.2042723631508676 1.863810495023743 -0.4613169492596885 0.943621785920392 -0.6142402850743094
3.2443257676902535 1.8432859588026902 -0.563241017216239 0.9199084115458183 -0.5696346246056011
3.2843791722296394 1.818718969599328 -0.663069804877239 0.8980050243496217 -0.5239195261596161
3.3244325767690253 1.7902054737804813 -0.760205293099127 0.8779490695334968 -0.4774439102955826
3.364485981308411 1.7578650440142116 -0.8540670922962128 0.8597640662633917 -0.43055332697918525
3.404539385847797 1.721840059744492 -0.9440960226654235 0.8434598171280459 -0.3835877103360988
3.444592790387183 1.6822948321321294 -1.0297576923062446 0.8290326469225825 -0.33687912426374916
3.484646194926569 1.639414457073197 -1.1105459571071068 0.8164657995935631 -0.2907495292303399
3.5246995994659547 1.5934038234376657 -1.1859855053647488 0.8057298076683987 -0.2455090898287814
3.5647530040053406 1.5444861091275235 -1.255635338022911 0.7967830806224497 -0.20145386566702805
3.6048064085447264 1.4929014292472762 -1.3190911687858735 0.7895724800236783 -0.15886416240742796
3.6448598130841123 1.4389053407094692 -1.3759877908960811 0.7840339732746642 -0.11800287634421167
3.684913217623498 1.3827671247131887 -1.4260013384924588 0.7800934115435166 -0.07911386037550519
3.7249666221628837 1.3247684713558294 -1.468850701450883 0.777667143888974 -0.042420857820837446
3.7650200267022695 1.2652010465739465 -1.5042998370197014 0.7766631703930111 -0.008125708433835801
3.8050734312416554 1.2043652017745183 -1.5321583602002837 0.7769817890269842 0.02359223235602494
3.8451268357810413 1.1425680161320324 -1.5522826109477796 0.7785165663340826 0.052577075178263
3.885180240320427 1.0801213622928147 -1.5645763708958975 0.781155312390113 0.07869717110203714
3.925233644859813 1.0173400099687564 -1.5689911387140134 0.784781059895976 0.10184562238870877
3.965287049399199 0.9545397137039935 -1.5655261438289538 0.7892730623957491 0.12194064554088335
4.005340453938585 0.8920353090844735 -1.55422802392259 0.7945078036198814 0.13892573886758924
4.04539385847797 0.830138826136888 -1.5351902075912782 0.8003600104515312 0.15276967753241041
4.085447263017357 0.7691576195583851 -1.508552157029581 0.806703662836775 0.1634664253715519
4.125500667556742 0.7093925689046419 -1.4744978872911023 0.8134129973642371 0.17103461908643386
4.165554072096128 0.651136305838723 -1.433254688174839 0.8203634863949202 0.1755171655864788
4.205607476635514 0.5946715244361769 -1.3850913513693222 0.8274327930551768 0.176980541838907
4.2456608811749 0.540269357427352 -1.330316179808066 0.8345016993007723 0.17551395978457776
4.285714285714286 0.4881878254789498 -1.2692747343339756 0.8414550050260001 0.1712283693214526
4.325767690253672 0.4386704124065878 -1.20234741274814 0.8481823647363863 0.16425534729549954
4.365821094793057 0.3919447062090834 -1.1299467704466735 0.8545790990403695 0.1547458277734352
4.405874499332444 0.34822117527512525 -1.0525146849290035 0.8605469380973112 0.14286872361523928
4.445927903871829 0.30769205372180397 -0.970519369440256 0.8659947116227042 0.128809446309946
4.485981308411215 0.27053034271082854 -0.8844522040708314 0.8708389826906229 0.11276830433243708
4.526034712950601 0.23688895705166044 -0.7948245024327621 0.8750046046507481 0.09495884487370872
4.566088117489986 0.20689998637404014 -0.7021641239471802 0.8784252216658339 0.07560609085697892
4.606141522029373 0.18067410319311433 -0.6070120399894801 0.8810436908568505 0.0549447317517008
4.646194926568758 0.15830010898471814 -0.5099188538863302 0.8828124311533182 0.03321726939494347
4.686248331108144 0.1398446166475477 -0.41144125982048585 0.8836937002530123 0.010672110379010563
4.72630173564753 0.12535187904213438 -0.31213853802968095 0.8836597909971228 -0.012438339645453034
4.766355140186916 0.11484375431162878 -0.21256903295349996 0.8826931542182042 -0.035859609567637035
4.806408544726302 0.10831981442021305 -0.1132866791385181 0.8807864422764482 -0.05933708745393754
4.846461949265688 0.10575758876429754 -0.014837612056909144 0.8779424767678965 -0.08261791355699491
4.886515353805073 0.10711294464598933 0.08224317667295516 0.874174140676077 -0.10545286549917346
4.926568758344459 0.11232059798271689 0.17743504497289364 0.8695041957254397 -0.12759817970196835
4.966622162883845 0.12129474579984412 0.27023478040052096 0.8639650302186435 -0.14881731585820562
5.006675567423231 0.13392984048861228 0.36015962538674884 0.8575983281700825 -0.16888270811146483
5.046728971962617 0.15010144683959528 0.4467499981853225 0.8504546855349399 -0.18757735045636503
5.086782376502002 0.16966722777231097 0.5295720733917874 0.8425931524820451 -0.20469631740315564
5.126835781041389 0.19246803223057962 0.6082202687733423 0.8340807183925338 -0.22004824389220162
5.166889185580774 0.21832906260994847 0.6823194628685164 0.8249917469269606 -0.23345665946218058
5.2069425901201605 0.24706114015262873 0.7515269124448544 0.815407349601769 -0.24476116096466569
5.246995994659546 0.2784620375459142 0.8155341166888979 0.8054147233637999 -0.2538185638985062
5.287049399198932 0.31231788470476435 0.8740682401747333 0.7951064363663796 -0.2605038070627987
5.327102803738318 0.3484046155705291 0.9268934726924201 0.7845796922864414 -0.2647108273026298
5.367156208277704 0.38648948174089226 0.9738120050510005 0.7739355483631802 -0.26635321989082783
5.4072096128170895 0.4263325834936895 1.0146648145588295 0.763278121334199 -0.26536479202326624
5.447263017356475 0.4676884388971664 1.0493321520651864 0.7527137662049554 -0.2616999487146836
5.487316421895861 0.5103075609886136 1.0777338135429375 0.7423502473942022 -0.2553339562966963
5.527369826435247 0.5539380404732643 1.0998291265100415 0.7322959016200524 -0.24626304223060924
5.567423230974633 0.5983271292568239 1.1156166720970337 0.7226587957241168 -0.23450434299793504
5.607476635514018 0.6432227978486262 1.1251337848813525 0.7135458960233344 -0.2200957217868438
5.647530040053405 0.6883752779665346 1.128455771965389 0.7050622411067905 -0.20309542284789223
5.68758344459279 0.7335385612519875 1.1256949515679608 0.6973101373117572 -0.18358161826051952
5.7276368491321765 0.7784718569463809 1.1169993372459321 0.6903883704801529 -0.16165174500149776
5.767690253671562 0.8229409894560414 1.1025513167493972 0.6843914542369987 -0.1374218358751264
5.807743658210948 0.8667197570824244 1.082565914070248 0.6794088917566934 -0.11102560414396316
5.847797062750334 0.9095912033514126 1.0572889144511683 0.6755244858717098 -0.0826134414046402
5.88785046728972 0.9513487591671287 1.0269950156819374 0.6728157254360478 -0.052351420368911106
5.9279038718291055 0.9917974688626072 0.9919853678996299 0.6713531107730442 -0.020419950139164582
5.967957276368491 1.0307549021788185 0.9525854535613723 0.6711996678760633 0.012987398979945247
6.008010680907877 1.0680520705874443 0.9091426254331838 0.6724104537722093 0.047665268099663746
6.048064085447263 1.1035343126433679 0.8620234458091391 0.6750320764195155 0.08339799913745975
6.088117489986649 1.1370620218892875 0.8116109787686024 0.679102304862085 0.11996116562352704
6.1281708945260345 1.1685111977387028 0.7583021569659845 0.6846497832282108 0.15712307522689142
6.168224299065421 1.1977739598277843 0.7025049108242182 0.6916937617173837 0.19464641268390168
6.208277703604806 1.2247589475752592 0.6446353698741837 0.7002438956794418 0.23228984873916292
6.248331108144193 1.249391592794529 0.5851149477978448 0.710300116001662 0.26980972804387765
6.288384512683578 1.271614257343913 0.5243675645264539 0.7218525804473762 0.30696168703022675
6.328437917222964 1.291386280846567 0.46281673517239436 0.7348816746792157 0.3435023564376333
6.36849132176235 1.3086839174895406 0.4008828470812274 0.7493580809802652 0.3791909607499709
6.408544726301735 1.3235001510692874 0.3389803384429506 0.7652429159048103 0.4137909855292847
6.4485981308411215 1.3358443986109 0.27751512416161167 0.7824879370105892 0.4470717065562874
6.488651535380507 1.345742120668585 0.21688193284057009 0.801035802073419 0.4788097784747812
6.528704939919893 1.3532343260700153 0.15746193795178332 0.8208203945835411 0.50879065604178
6.568758344459279 1.3583769670867445 0.09962028143721685 0.8417672110559193 0.5368100882458349
6.608811748998665 1.3612402583006258 0.04370405715492652 0.8637938002008165 0.5626753432435436
6.6488651535380505 1.3619079996354864 -0.009960061323670995 0.8868101937763176 0.5862066455767516
6.688918558077437 1.3604765366975156 -0.06106730525637771 0.9107195622530658 0.6072381098015271
6.728971962616822 1.3570539793391836 -0.10933678966197695 0.935418712514412 0.6256189499214828
6.769025367156209 1.351759209800702 -0.15451305086693876 0.9607987145549373 0.6412144404131593
6.809078771695594 1.3447207885055605 -0.1963673147221748 0.986745591556056 0.6539067232807776
6.84913217623498 1.336075890850139 -0.23469867608662578 1.0131409928734045 0.6635955584601231
6.889185580774366 1.3259691647981249 -0.26933504725957585 1.0398629162982118 0.6701989414658971
6.929238985313751 1.3145515620699977 -0.30013390828411834 1.0667864480842142 0.673653603163403
6.969292389853138 1.301979136295991 -0.32698275872232596 1.0937845256493852 0.6739153312991905
7.009345794392523 1.2884118326575336 -0.34979938475462363 1.1207287072119747 0.6709591807147991
7.049399198931909 1.2740123129056287 -0.3685326076706225 1.1474899155031073 0.6647799725769639
7.089452603471295 1.2589446915740254 -0.38316159120193494 1.1739392484292737 0.6553919262261357
7.129506008010681 1.243373243667385 -0.3936950267026791 1.1999488079777887 0.642828219544128
7.169559412550067 1.227461275367786 -0.4001712339295594 1.2253924225137023 0.6271410897414511
7.209612817089453 1.211370088474101 -0.40265793910217346 1.2501463157384491 0.6084017285246661
7.249666221628838 1.1952576575996345 -0.4012506759745546 1.2740899607879088 0.5866993684011914
7.289719626168225 1.1792775953245518 -0.3960718205213507 1.2971067544350092 0.5621407250204417
7.32977303070761 1.1635780399456577 -0.38726936257404493 1.3190847407875228 0.5348492875067861
7.369826435246996 1.1483007834043228 -0.37501570795916156 1.3399171866668667 0.5049646011859006
7.409879839786382 1.1335802246746123 -0.35950595321293743 1.359503269683102 0.47264124885525294
7.449933244325767 1.1195425332327726 -0.3409561881009255 1.3777486367373573 0.4380478272486614
7.489986648865154 1.1063047992959958 -0.3196016153038907 1.394565972257009 0.40136581273114447
7.530040053404539 1.0939743664929313 -0.2956947691016056 1.409875450995905 0.3627884667799852
7.570093457943925 1.0826481472221976 -0.2695034170914396 1.4236052059214443 0.3225195515859892
7.610146862483311 1.0724120795874816 -0.24130840935641082 1.4356917073156659 0.28077199885621895
7.650200267022697 1.0633405852516744 -0.211401566259906 1.4460801410656527 0.23776660148639384
7.690253671562083 1.055496230380164 -0.18008334674107154 1.4547246620505199 0.1937305495190821
7.730307076101469 1.0489294286916984 -0.14766075100042064 1.4615886167211045 0.1488961041697181
7.770360480640854 1.0436781915153788 -0.11444488606330314 1.4666447410468766 0.10349906254910468
7.810413885180241 1.039768026742946 -0.08074873715015092 1.4698752607570678 0.0577773308731731
7.850467289719626 1.0372119307751606 -0.046884891308825664 1.471271932675482 0.011969458978983823
7.890520694259012 1.0360103853504534 -0.013163265447322051 1.4708360829378542 -0.033686823013356335
7.930574098798398 1.0361515685172764 0.020111080503289313 1.46857850650839 -0.07895603896561454
7.970627503337783 1.0376115399570713 0.05264011992156605 1.4645193826791547 -0.12360639174887117
8.01068090787717 1.0403546283087568 0.08413491451605062 1.4586880585272797 -0.16741113568893154
8.050734312416555 1.044333819199769 0.11431761203620323 1.451122830188402 -0.21014991390697318
8.09078771695594 1.0494912146706974 0.14292335087447902 1.4418706758771154 -0.2516100461934314
8.130841121495328 1.055758587784804 0.16970205137433217 1.430986924863535 -0.2915877575493486
8.170894526034713 1.0630580181761913 0.19442008340452624 1.418534871088378 -0.3298893393901218
8.210947930574099 1.0713025928957112 0.2168617896896676 1.4045853406351259 -0.3663322290311203
8.251001335113484 1.0803971410840592 0.23683091111292037 1.3892162344768302 -0.40074603242455153
8.291054739652871 1.0902390389915007 0.25415182589015134 1.3725120203626262 -0.43297343977910246
8.331108144192257 1.1007190577928332 0.2686706397033339 1.3545631923906907 -0.4628710537359077
8.371161548731642 1.111722257036038 0.2802561136959467 1.3354656960157085 -0.49031012229367565
8.411214953271028 1.1231289059124525 0.2888004433895958 1.3153203301072607 -0.515177182447894
8.451268357810413 1.1348154373657369 0.2942198563157183 1.2942321216881634 -0.5373745950781346
8.4913217623498 1.146655419217264 0.2964550224447076 1.2723096829907374 -0.5568209654256788
8.531375166889186 1.1585205357396087 0.29547131559029777 1.249664556293613 -0.5734514719758876
8.571428571428571 1.1702815799481232 0.29125888950843437 1.2264105449584068 -0.5872180811143941
8.611481975967957 1.1818094450961045 0.2838325760669959 1.2026630380733327 -0.5980896506026653
8.651535380507344 1.1929761087324933 0.27323163290739705 1.178538333849254 -0.6060519380311927
8.69158878504673 1.2036556045741555 0.25951930712597526 1.154152963389566 -0.6111074926554566
8.731642189586115 1.2137249694159922 0.24278222009032366 1.1296230228934248 -0.6132754319437276
8.7716955941255 1.2230651651485438 0.22312962575520892 1.1050635162456726 -0.6125911354254593
8.811748998664887 1.2315619678328453 0.20069250490873236 1.0805877114809743 -0.6091058311545665
8.851802403204273 1.239106815294282 0.1756225125975839 1.0563065170265094 -0.6028860841960666
8.891855807743658 1.2455976168613097 0.14809080357124577 1.032327876455285 -0.5940132031444446
8.931909212283044 1.250939509567053 0.11828671831724959 1.0087561906921276 -0.5825825513030731
8.97196261682243 1.255045551129107 0.08641634296162605 0.9856917741217394 -0.5687027691576675
9.012016021361816 1.2578373633615538 0.05270098901432041 0.9632303379978031 -0.552494938825683
9.052069425901202 1.259245711764485 0.01737556914836392 0.9414625089819018 -0.534091673310642
9.092122830440587 1.2592110253029836 -0.019313101272611977 0.9204733815048395 -0.5136361496168269
9.132176234979973 1.257683808743274 -0.057108123415216636 0.9003421313844663 -0.49128104875769324
9.17222963951936 1.2546250275334871 -0.095744323618797 0.8811416467251628 -0.4671874974734859
9.212283044058745 1.2500064098640133 -0.134950119512562 0.8629382074572178 -0.4415239599867136
9.25233644859813 1.243810661474896 -0.1744494405193691 0.845791216376799 -0.4144650808616507
9.292389853137516 1.236031589886909 -0.213963667630811 0.829752985146753 -0.3861904998791532
9.332443257676903 1.2266741832626302 -0.2532135683379287 0.8148685484182866 -0.356883661752237
9.372496662216289 1.2157545701045056 -0.29192121009458705 0.801175552238707 -0.3267306174293795
9.412550066755674 1.2033000389994115 -0.3298118818007846 0.7887041051715441 -0.2959188312764618
9.45260347129506 1.1893487240645035 -0.366615955579165 0.7774768378156306 -0.2646359643390878
9.492656875834445 1.1739494145390084 -0.4020706984881248 0.767508888150896 -0.23306871002892182
9.532710280373832 1.1571613336085131 -0.4359221129496114 0.7588079045502367 -0.20140160698996556
9.572763684913218 1.1390535904966974 -0.4679265534576522 0.7513742598838846 -0.16981592821810954
9.612817089452603 1.1197048146048185 -0.497852346133974 0.7452011535995801 -0.138488600971978
9.652870493991989 1.099202722533042 -0.5254814410011243 0.7402747536264594 -0.10759109492836104
9.692923898531376 1.0776434112463693 -0.5506106636319469 0.7365745251530802 -0.0772885022847216
9.732977303070761 1.0551307811276163 -0.5730531013880785 0.7340734736014923 -0.04773855984152808
9.773030707610147 1.0317759669292577 -0.5926394988356323 0.7327383822002482 -0.019090667125605473
9.813084112149532 1.0076964327348452 -0.6092189705698886 0.7325302888206696 0.008514746396318067
9.853137516688918 0.9830152861600042 -0.6226601483069604 0.7334048074383895 0.03494707538868705
9.893190921228305 0.9578605038662809 -0.6328519869788167 0.735312520965873 0.06008620462990247
9.93324432576769 0.9323641092242521 -0.6397044506978854 0.7381994095230542 0.08382311172369519
9.973297730307076 0.9066613091547487 -0.643149023879472 0.7420073127278706 0.106060372737693
10.013351134846461 0.8808896123427485 -0.6431390769917735 0.7466744110984658 0.1267125845627923
10.053404539385848 0.8551879461028274 -0.6396500992758435 0.7521357155318498 0.14570670842100383
10.093457943925234 0.8296957739175663 -0.6326797920112283 0.7583235640803939 0.1629823303947483
10.13351134846462 0.8045522104802155 -0.6222480103295335 0.7651681287119764 0.17849183243156355
10.173564753004005 0.7798951379839684 -0.6083965286647547 0.7725979313523834 0.19220045845200823
10.213618157543392 0.755860330067154 -0.591188758214786 0.7805403581489403 0.20408635070608885
10.253671562082777 0.7325805931931029 -0.5707092009918524 0.7889221784615766 0.2141404268903999
10.293724966622163 0.7101849390438975 -0.5470628271084579 0.7976700500882759 0.22236620659333659
10.333778371161548 0.6887977781141532 -0.5203743165874749 0.8067110199590034 0.22877955386058133
10.373831775700934 0.66853814692627 -0.4907871823234966 0.8159730121474057 0.23340834371107425
10.413885180240321 0.649518967494899 -0.45846278444225996 0.825385303465946 0.2362920589105076
10.453938584779706 0.6318463649309165 -0.42357918974917547 0.8348789745051102 0.23748128529116097
10.493991989319092 0.6156190172123895 -0.38632997907586036 0.844387345324122 0.23703717086444107
10.534045393858477 0.6009275618360886 -0.3469229362110481 0.8538463853984825 0.23503080530877354
10.574098798397864 0.5878540494929596 -0.3055786673346727 0.8631951008285138 0.23154255047167602
10.61415220293725 0.5764714670335264 -0.26252912239162235 0.8723758878393476 0.22666130125115175
10.654205607476635 0.5668433027015499 -0.21801608283177198 0.8813348644105327 0.22048371951631232
10.69425901201602 0.5590232049914028 -0.17228955530905385 0.8900221545166693 0.2131133967006056
10.734312416555408 0.5530546436710517 -0.12560619636091633 0.8983921697020799 0.2046600343295326
10.774365821094793 0.5489707023445888 -0.0782276110041956 0.9064038237796936 0.19523852790098428
10.814419225634179 0.5467939392681549 -0.030418671923779207 0.9140207088367079 0.18496805137800446
10.854472630173564 0.5465362767054197 0.017554141595771445 0.921211254672967 0.1739711484064011
10.89452603471295 0.5481989085692283 0.06542443087987423 0.9279488793329046 0.16237280501667042
10.934579439252337 0.5517724355018672 0.112927559717377 0.9342120139657836 0.15029948676584345
10.974632843791722 0.557236954677344 0.1598022742886256 0.9399841501686533 0.1378782197895882
11.014686248331108 0.56456208933148 0.20579236021969413 0.9452539220683546 0.12523566039022757
11.054739652870493 0.5737073912351222 0.2506481886731918 0.950014978343653 0.11249716593599111
11.09479305740988 0.584622596633456 0.2941281758420646 0.9542659316982993 0.09978594111572697
11.134846461949266 0.5972478354903314 0.3360003893342131 0.9580103398533439 0.08722210649113699
11.174899866488651 0.6115143062170904 0.37604373477137065 0.9612564134994939 0.074921932414095
11.214953271028037 0.6273444604063633 0.41404946732858683 0.964017007248273 0.06299696679853654
11.255006675567424 0.6446527477519939 0.44982216516430407 0.9663092809291935 0.05155338074763624
11.29506008010681 0.6633460786476731 0.48318096869455496 0.9681545269847901 0.04069120721081537
11.335113484646195 0.6833244209258372 0.5139605625537735 0.9695779143375188 0.030503705961376786
11.37516688918558 0.7044814217995468 0.542012138938133 0.9706082176592229 0.02107673504297076
11.415220293724966 0.7267051167295348 0.5672041024907081 0.9712774894171455 0.012488256621030827
11.455273698264353 0.7498786349896975 0.5894227708545883 0.9716207336445926 0.004807845679718293
11.495327102803738 0.7738809201638412 0.6085729458188731 0.9716755669963988 -0.0019037295219184731
11.535380507343124 0.7985874784664686 0.6245783183745733 0.9714818586877607 -0.007594836379084979
11.57543391188251 0.8238711408661794 0.6373817729290874 0.9710813594244834 -0.01222325169750158
11.615487316421897 0.849602838514 0.6469455799920825 0.9705173191858559 -0.015756373945821432
11.655540720961282 0.8756523815350519 0.6532514478817184 0.9698340984406633 -0.018171355791862943
11.695594125500667 0.9018892355835954 0.6563004419632557 0.9690767762217736 -0.019455161041847028
11.735647530040053 0.9281832932623886 0.6561127914163596 0.9682907573655949 -0.01960455708738654
11.77570093457944 0.9544056363480965 0.6527275795794133 0.9675213810514012 -0.018626040104643825
11.815754339118826 0.9804292824470788 0.6462023082057586 0.9668135338772931 -0.016535686677716474
11.855807743658211 1.0061299122956398 0.6366123486571426 0.9662112700180711 -0.013358938797467367
11.895861148197596 1.0313865726944962 0.6240502875318149 0.9657574415113175 -0.009130325926967692
11.935914552736982 1.056082351070429 0.6086251699132265 0.965493341006839 -0.0038931255124523465
11.975967957276369 1.0801050180598915 0.5904616434082369 0.9654583590843435 0.0023010366528025236
12.016021361815755 1.1033476336285923 0.5696990102197567 0.9656896588636649 0.009392642572037115
12.05607476635514 1.1257091135685438 0.5464901971236326 0.9662218699738957 0.017314789390905184
12.096128170894525 1.1470947536095861 0.5210006483711324 0.9670868035645371 0.025993745346968043
12.136181575433913 1.1674167066370866 0.49340714874193903 0.968313191074907 0.03534955064567706
12.176234979973298 1.1865944112707605 0.46389658630653835 0.9699264480116814 0.045296657942430714
12.216288384512684 1.2045549752690183 0.4326646724459548 0.9719484613439305 0.05574460197651494
12.256341789052069 1.221233500107613 0.3999146108150147 0.9743974077740025 0.06659870449477294
12.296395193591454 1.236573354537961 0.3658557308590379 0.9772875990386105 0.07776080468211552
12.336448598130842 1.2505263899248737 0.3307020970225218 0.9806293585049007 0.08913000936843375
12.376502002670227 1.2630531023330387 0.29467111054883594 0.9844289267853983 0.10060345273472623
12.416555407209612 1.274122714078224 0.2579821049487757 0.9886884113072364 0.11207706749547358
12.456608811748998 1.2837132868897634 0.22085494626193047 0.9934057186728976 0.12344635022270421
12.496662216288385 1.2918116131954274 0.18350864486574472 0.9985746087943292 0.13460714141297578
12.53671562082777 1.2984133419445272 0.14615997037836825 1.004184620658554 0.1454563810636877
12.576769025367156 1.3035226334731747 0.10902212347005598 1.010221257295799 0.15589287665676252
12.616822429906541 1.3071521314954402 0.07230344305992832 1.0166659977911878 0.16581801978242783
12.656875834445929 1.3093227494210138 0.03620608039683759 1.02349641028796 0.1751365400638461
12.696929238985314 1.3100632987854122 0.0009249031645979858 1.0306863563133544 0.18375714009864283
12.7369826435247 1.3094102114810613 -0.033353666325947565 1.0382061421332154 0.19159315967486207
12.777036048064085 1.3074071944241314 -0.06645270216951835 1.0460227091956322 0.19856318173153933
12.81708945260347 1.30410486018772 -0.09820580336539225 1.0540998380047946 0.20459162740858547
12.857142857142858 1.2995602699610602 -0.1284580065297618 1.0623984021570487 0.2096092918751122
12.897196261682243 1.293836441279778 -0.15706659709505005 1.0708766433681909 0.21355382412076304
12.937249666221629 1.28700184310904 -0.18390183009724687 1.0794904546984982 0.2163701549354839
12.977303070761014 1.2791298736212666 -0.20884758984611698 1.088193674066991 0.21801089071327487
13.017356475300401 1.270298303285908 -0.23180193445658004 1.0969383983214387 0.21843664309497354
13.057409879839787 1.2605886955818697 -0.25267753402205057 1.1056753108957709 0.2176162983940407
13.097463284379172 1.250085816190771 -0.2714020251593747 1.1143540166818857 0.21552723906142077
13.137516688918558 1.23887702110901 -0.2879182351885779 1.1229233898923532 0.21215549070255785
13.177570093457945 1.2270516466605408 -0.3021843084770525 1.1313319215897542 0.20749581145968415
13.21762349799733 1.214700399045284 -0.3141737518279553 1.1395280679571527 0.20155173390973297
13.257676902536716 1.2019147399767212 -0.32387535305689363 1.1474606015692488 0.1943355329168181
13.297730307076101 1.1887862775435853 -0.33129305871234793 1.1550789598674158 0.1858681690036152
13.337783711615486 1.1754061615493352 -0.33644568930198926 1.1623335919697182 0.1761791359185213
13.377837116154874 1.161864498922395 -0.3393665387925505 1.1691762943924622 0.16530623837733432
13.41789052069426 1.1482497803680163 -0.34010293714887146 1.1755605403533105 0.15329534706932046
13.457943925233645 1.1346483213758791 -0.3387157564140435 1.1814418009033003 0.14020011919539122
13.49799732977303 1.1211437424104764 -0.335278727890344 1.1867778440570418 0.12608160448667938
13.538050734312417 1.1078164672546351 -0.32987776071876074 1.1915290229907352 0.11100785045721269
13.578104138851803 1.0947432523890936 -0.3226101661584582 1.1956585463064522 0.09505344953112144
13.618157543391188 1.0819967263778643 -0.3135838655349159 1.199132742419283 0.07829907569889451
13.658210947930574 1.0696450087326759 -0.3029164183255104 1.2019212775297883 0.060830908553732466
13.69826435246996 1.0577513339416833 -0.2907341023215292 1.2039973699902722 0.04274008761370443
13.738317757009346 1.0463737246621168 -0.27717091369687213 1.2053379755969769 0.024122115431208787
13.778371161548732 1.035564668578157 -0.2623675632636598 1.205923970694135 0.005076258161185697
13.818424566088117 1.0253709331840248 -0.24647033990263298 1.205740252807055 -0.014295143301840467
13.858477970627503 1.0158333299898437 -0.22963004961619124 1.204775871123497 -0.03388731335839276
13.89853137516689 1.0069865568888805 -0.21200091524619527 1.2030241097319256 -0.05359371101546678
13.938584779706275 0.9988590813230097 -0.19373946018412852 1.200482546089741 -0.07330671170780374
13.97863818424566 0.9914730718211284 -0.17500338561874723 1.1971530799452834 -0.09291829649156129
14.018691588785046 0.9848443771843655 -0.15595045525980633 1.193041932934329 -0.1123207401971585
14.058744993324433 0.9789825892790237 -0.13673741646768026 1.1881595963128893 -0.13140728371864796
14.098798397863819 0.9738909712512948 -0.11751886350782803 1.1825208621495678 -0.1500728313786922
14.138851802403204 0.9695667982510955 -0.09844630884114766 1.1761445980967933 -0.16821455278510383
14.17890520694259 0.9660011025172784 -0.07966694734725863 1.1690538925503844 -0.18573262665924134
14.218958611481977 0.9631792927388297 -0.06132291316350875 1.161275655280336 -0.2025307506287606
14.259012016021362 0.9610811709998703 -0.04355023775620571 1.1528405924796947 -0.21851678749688347
14.299065420560748 0.9596812843319815 -0.026478027685752657 1.1437829727797584 -0.23360330289394962
14.339118825100133 0.9589491358694064 -0.010227634877705604 1.134140479316937 -0.24770809677686287
14.379172229639519 0.95884952006995 0.005088097376501351 1.1239539843766373 -0.2607546979429261
14.419225634178906 0.9593428779280421 0.01936552757791185 1.1132673106020397 -0.2726728227682181
14.459279038718291 0.9603857128200725 0.0325108015131555 1.1021269529715367 -0.283398772501871
14.499332443257677 0.9619309780238042 0.04444039949528469 1.0905818173608326 -0.2928758049032689
14.539385847797062 0.9639284879322533 0.055081596532873395 1.078682942877585 -0.3010544540586081
14.57943925233645 0.9663253640137192 0.0643728368653534 1.0664832012304746 -0.3078927999796487
14.619492656875835 0.9690664944853128 0.07226401794060869 1.054036985930955 -0.3133566832884212
14.65954606141522 0.9720949947119656 0.07871671873465785 1.0413998999677718 -0.31741988546477834
14.699599465954606 0.9753526760761686 0.08370432275014869 1.02862843624502 -0.3200642444359224
14.739652870493993 0.9787805200506455 0.08721205815992504 1.0157796532366286 -0.32127971899868635
14.779706275033378 0.9823191535416544 0.08923695690548766 1.0029108483245226 -0.32106440275824755
14.819759679572764 0.9859093198702549 0.08978773542841696 0.9900792323469308 -0.31942448869524975
14.85981308411215 0.9894923425210982 0.0888845954030862 0.9773416071088017 -0.3163741830041863
14.899866488651535 0.9930105794029912 0.08655894506647857 0.9647540472777082 -0.31193556825206764
14.939919893190922 0.996407864833745 0.08285304427786648 0.9523715884702784 -0.30613841742946757
14.979973297730307 0.9996299360690766 0.07781957742586142 0.9402479235999297 -0.2990199610497468
15.020026702269693 1.0026248412797798 0.07152115827173279 0.9284351095092053 -0.29062460944626706
15.060080106809078 1.005343326235469 0.06402977064514419 0.9169832856939943 -0.28100363233996073
15.100133511348465 1.007739197303567 0.05542614909842629 0.9059404067203929 -0.27021479789493175
15.14018691588785 1.00976965825635 0.04579910330148756 0.8953519900088343 -0.2583219732521935
15.180240320427236 1.011395620340696 0.035244795786284214 0.8852608795502424 -0.24539469241639758
15.220293724966622 1.0125819807173067 0.023865970675343382 0.8757070286183108 -0.23150768934012625
15.260347129506007 1.013297870009773 0.01177114554770085 0.8667273012992289 -0.2167404038302165
15.300400534045394 1.0135168670394061 -0.0009262292171745776 0.8583552941853932 -0.20117646267791628
15.34045393858478 1.0132171790559235 -0.014108638325823205 0.8506211794618868 -0.1849031390281278
15.380507343124165 1.0123817867853813 -0.027655390149603148 0.8435515700078086 -0.1680107939151597
15.42056074766355 1.0109985536092465 -0.04144351975228862 0.8371694071398351 -0.15059230370740237
15.460614152202938 1.009060298402347 -0.05534870003768094 0.8314938714989555 -0.13274247728338426
15.500667556742323 1.0065648249927535 -0.06924615380982793 0.8265403218506391 -0.11455746634271513
15.540720961281709 1.0035149153778258 -0.08301155926627088 0.8223202574607744 -0.09613417447854776
15.580774365821094 0.9999183368987873 -0.09652195003809189 0.8188412716820019 -0.07756967162201947
15.620827770360481 0.9957877396251832 -0.10965660252164748 0.8161070767080002 -0.05896060032690145
15.660881174899867 0.9911405140199175 -0.12229786844116053 0.814117555928992 -0.04040260986727521
15.700934579439252 0.985998778595389 -0.13433207659214866 0.8128687300387226 -0.021989766800179472
15.740987983978638 0.9803889968676849 -0.1456502172859066 0.8123529699651963 -0.003814044904140585
15.781041388518023 0.9743420408647556 -0.15614889828614945 0.8125589120948499 0.014035286464657577
15.82109479305741 0.9678926396225305 -0.16573078241586062 0.8134717892561825 0.03147204559666583
15.861148197596796 0.9610793378861394 -0.1743054270518189 0.8150734181880996 0.04841369404641873
15.901201602136181 0.9539441505558506 -0.18178985649068483 0.8173423932113829 0.06478177240951195
15.941255006675567 0.9465322680536067 -0.18810916147904555 0.8202542461476499 0.08050234667512356
15.981308411214954 0.9388917224514323 -0.19319693495732013 0.8237816387942712 0.095506355967436
16.02136181575434 0.9310730313094884 -0.19699572153624115 0.8278945689995081 0.10972997535232372
16.061415220293725 0.92312881868518 -0.19945741859092736 0.8325605936209393 0.12311495337214838
16.10146862483311 0.9151134329280033 -0.20054357390574765 0.8377450584869348 0.1356088847993865
16.141522029372496 0.9070826202857081 -0.20022557142138675 0.8434112981265018 0.14716540059417788
16.18157543391188 0.8990930275907423 -0.19848488356877686 0.849520941672235 0.15774443842551197
16.22162883845127 0.8912017977370648 -0.1953131537138576 0.856034167863398 0.16731238617272293
16.261682242990656 0.8834662287823561 -0.1907121678695395 0.8629099250096373 0.17584214231042347
16.30173564753004 0.8759433749459887 -0.1846938050153035 0.8701061894992957 0.18331317675360992
16.341789052069426 0.8686896145545567 -0.17727993510191836 0.8775802485806219 0.18971156762469982
16.381842456608812 0.8617602452772793 -0.16850228143820245 0.8852889675979297 0.19503000986011693
16.421895861148197 0.8552091040359714 -0.15840212345620813 0.8931890505162462 0.1992677207815541
16.461949265687583 0.8490881688139156 -0.14703010726549032 0.9012373061006943 0.2024304158511989
16.502002670226968 0.8434472151002279 -0.13444572910353708 0.9093908979398789 0.2045300726271212
16.542056074766354 0.8383334733244063 -0.12071693599796787 0.9176075881099794 0.20558476731606506
16.582109479305743 0.8337912754272829 -0.1059197213038748 0.9258459877345419 0.2056185101450339
16.622162883845128 0.829861772555728 -0.09013747940744715 0.9340657777001762 0.20466092018703974
16.662216288384514 0.8265826424476889 -0.07346047164094935 0.9422279302071066 0.20274697079978296
16.7022696929239 0.8239877910977934 -0.055985270165016074 0.9502949343765792 0.19991672190813103
16.742323097463284 0.8221071657913831 -0.03781397851132995 0.9582309680222407 0.19621489596620836
16.78237650200267 0.8209665228900958 -0.019053590499870657 0.9660020886639211 0.19169054615687164
16.822429906542055 0.8205872473297321 0.00018473652805171825 0.9735763986741788 0.18639666298288113
16.86248331108144 0.8209861920927394 0.019786428040875315 0.9809241996691891 0.18038976518542257
16.902536715620826 0.8221755723438222 0.03963427195644109 0.9880181165849673 0.17372946013886054
16.942590120160215 0.8241628710363085 0.05960919714616794 0.9948332150110449 0.16647800267458454
16.9826435246996 0.8269507757264623 0.07959106112636652 1.0013471006974914 0.15869984230136264
17.022696929238986 0.8305371513752016 0.09945944339371438 1.0075399983061555 0.15046116007037127
17.06275033377837 0.8349150519659716 0.11909443551758317 1.0133948073626435 0.14182939986055915
17.102803738317757 0.8400727770883756 0.13837741467702885 1.0188971311969555 0.1328728008030817
17.142857142857142 0.845993860247773 0.15719183905007209 1.0240353467363146 0.12365992991141037
17.182910547396528 0.8526573028406668 0.17542394668055375 1.0288005264212285 0.11425922449214954
17.222963951935913 0.8600374806522044 0.19296357729311678 1.0331865569874232 0.10473852490280465
17.2630173564753 0.8681045940600737 0.20970474138741843 1.0371899290997293 0.09516465200307114
17.303070761014688 0.8768245215036967 0.22554646343350834 1.040809888094498 0.08560293746848366
17.343124165554073 0.8861593765328633 0.24039320734618577 1.0440481545330906 0.07611686543883744
17.38317757009346 0.8960673869633184 0.25415574844502886 1.0469090612927194 0.06676758087954997
17.423230974632844 0.9065034937897911 0.2667514082402552 1.04939924076209 0.05761363548875428
17.46328437917223 0.917419436799128 0.2781047082601519 1.0515276311771287 0.0487105846596298
17.503337783711615 0.9287640930965533 0.2881478285738276 1.0533053262205332 0.04011065124417646
17.543391188251 0.9404837635545029 0.2968209773101629 1.0547454507490128 0.0318624510187843
17.583444592790386 0.9525225182949777 0.3040727634461805 1.0558630022351079 0.02401070510590743
17.623497997329775 0.9648225339519845 0.30986047255106025 1.0566746922779615 0.016596010294984156
17.66355140186916 0.9773244613572002 0.3141502833827083 1.0571987675210444 0.00965463812118622
17.703604806408546 0.9899677818836913 0.3169174533155226 1.0574548356290683 0.0032183541358866423
17.74365821094793 1.002691168112029 0.3181464274500358 1.0574636849767856 -0.002685719443417176
17.783711615487316 1.0154328527607965 0.317830881777158 1.057247096209879 -0.00803520456169688
17.823765020026702 1.02813099967989 0.31597372145041036 1.0568276503027372 -0.012812542727876408
17.863818424566087 1.0407240730154625 0.31258701576290016 1.0562285344153317 -0.017005033676386876
17.903871829105473 1.053151202468938 0.3076918691061802 1.0554733467263022 -0.020604836492789286
17.94392523364486 1.0653525415901757 0.3013182289701299 1.0545859020258372 -0.023608933436484805
17.983978638184247 1.0772696294197273 0.29350464236928414 1.0535900332932435 -0.02601906521426495
18.024032042723633 1.0888457199771326 0.2842979755521546 1.0525094084215982 -0.02784163906018008
18.064085447263018 1.1000260614356705 0.2737531067577826 1.0513673719506154 -0.02908761144244035
18.104138851802404 1.110758269043964 0.2619324728402186 1.0501867319018523 -0.029772307251491607
18.14419225634179 1.1209926146569382 0.24890565095535133 1.0489895918497956 -0.029915242607586427
18.184245660881174 1.130682294333833 0.23474888320209475 1.047797192190011 -0.029539911482606523
18.22429906542056 1.1397836808281876 0.21954455722067018 1.0466297576992496 -0.028673545067924938
18.264352469959945 1.1482565593704965 0.20338065089301627 1.0455063526458086 -0.027346848344883577
18.30440587449933 1.1560643330772662 0.18635017663425113 1.044444751983172 -0.025593731019225126
18.34445927903872 1.1631742332419703 0.16855050977859865 1.043461305807356 -0.02345097567401078
18.384512683578105 1.1695574734258878 0.1500827476282069 1.0425708347644176 -0.020957913137106286
18.42456608811749 1.1751893713989776 0.13105112565736338 1.0417865446272865 -0.018156123968963118
18.464619492656876 1.1800494697207236 0.11156231995808834 1.041119937615232 -0.015089077771441778
18.50467289719626 1.1841216181714789 0.09172479441528049 1.0405807456333027 -0.011801790940763593
18.544726301735647 1.1873940425474596 0.07164803885449328 1.0401768670016436 -0.008340423247822826
18.584779706275032 1.1898593700539317 0.051441893602609624 1.0399143293805728 -0.0047519150904249356
18.624833110814418 1.1915146163377626 0.031215951306751925 1.0397972758785903 -0.0010836614378755861
18.664886515353807 1.192361164384527 0.011078876839052176 1.0398279526434173 0.0026168593337498984
18.704939919893192 1.192404721649744 -0.008862297648749478 1.0400067071822001 0.0063024726634313116
18.744993324432578 1.1916552425585867 -0.02850282103168526 1.040332007096775 0.009926668606874797
18.785046728971963 1.1901268211531606 -0.04774082542455817 1.0408004762871506 0.013443941075327318
18.82510013351135 1.187837562331013 -0.066477917036362 1.0414069428696382 0.016810122987212704
18.865153538050734 1.1848094325165042 -0.08461975316758744 1.0421444984063433 0.01998271575328428
18.90520694259012 1.181068080745853 -0.10207657263901103 1.0430045742849683 0.02292119618241168
18.945260347129505 1.1766426603452802 -0.1187637245140909 1.0439770178107228 0.025587322307312383
18.98531375166889 1.1715656043743568 -0.1346021148518477 1.0450501953230242 0.027945398688958886
19.02536715620828 1.1658723922271068 -0.14951862764093563 1.0462111006025674 0.02996252782185164
19.065420560747665 1.1596013131163496 -0.16344652978268762 1.047445465327902 0.0316088528786225
19.10547396528705 1.1527931903837254 -0.17632578871950116 1.0487378927240214 0.03285775558961597
19.145527369826436 1.1454911094825109 -0.18810336147623008 1.0500719897462876 0.0336860371681218
19.18558077436582 1.1377401356903762 -0.19873344057440712 1.0514305057418378 0.034074076063250185
19.225634178905207 1.1295870259704843 -0.2081776798950992 1.0527954746836685 0.034005974958115755
19.265687583444592 1.121079918915992 -0.2164053016832072 1.0541483717117275 0.03346964274738566
19.305740987983977 1.1122680322126768 -0.22339320240984753 1.055470265480196 0.0324568749531462
19.345794392523363 1.1032013547753767 -0.22912599447783435 1.0567419745807243 0.030963398241654953
19.385847797062752 1.0939303379015115 -0.2335960365957618 1.0579442247031372 0.02898890863897474
19.425901201602137 1.0845055835454582 -0.2368033247373644 1.059057809773669 0.02653703073924676
19.465954606141523 1.0749775431540731 -0.2387554132468393 1.0600637466372813 0.023615292933698063
19.506008010680908 1.065396216632106 -0.2394672747409329 1.0609434306721226 0.020235067857063426
19.546061415220294 1.0558108559298087 -0.23896111135241485 1.0616787896190798 0.016411484669630147
19.58611481975968 1.0462696863840313 -0.23726607305682185 1.062252428903398 0.012163286709530763
19.626168224299064 1.0368196312714542 -0.23441799825005782 1.0626477747471634 0.007512701508522094
19.66622162883845 1.0275060493387709 -0.2304590932830723 1.0628492109428318 0.0024852748130055734
19.706275033377835 1.0183724867436408 -0.2254375774139992 1.0628422080079452 -0.0028903164247275
19.746328437917224 1.009460445128091 -0.21940728825230252 1.0626134438163386 -0.008582475010940631
19.78638184245661 1.000809162902238 -0.21242725648052027 1.062150917223907 -0.014556913168076217
19.826435246995995 0.9924554184521438 -0.20456124231957692 1.0614440498405844 -0.020776905919710698
19.86648865153538 0.9844333494505909 -0.19587726259268065 1.0604837787649162 -0.027203551188419897
19.906542056074766 0.9767742924537709 -0.1864470923598614 1.0592626381671952 -0.03379604608469825
19.94659546061415 0.9695066438881985 -0.17634574517516421 1.0577748290133395 -0.040511977103500525
19.986648865153537 0.9626557404868498 -0.16565094261769114 1.0560162778521094 -0.0473076179360008
20.026702269692922 0.9562437624387583 -0.15444256920941823 1.0539846828726012 -0.054138237381925455
20.06675567423231 0.9502896430677151 -0.1428021296805037 1.051679556183718 -0.06095840634693864
20.106809078771697 0.9448090380430094 -0.13081218147699103 1.0491022324835673 -0.06772232341796039
20.146862483311082 0.9398142856675122 -0.1185557883185894 1.0462558824676342 -0.0743841275003306
20.186915887850468 0.9353143949426402 -0.10611597109145536 1.0431455104075937 -0.08089821388455384
20.226969292389853 0.9313150548589534 -0.09357516192839872 1.039777939545072 -0.08721954988156272
20.26702269692924 0.9278186831842511 -0.08101468081047065 1.0361617745438423 -0.09330397985226456
20.307076101468624 0.9248244883806578 -0.06851423002983688 1.0323073561804583 -0.09910852051317749
20.34712950600801 0.9223284785070794 -0.056151353869141926 1.0282267468766093 -0.10459167322942418
20.387182910547395 0.9203236540664186 -0.04400101606503605 1.0239336092848144 -0.10971367906719719
20.427236315086784 0.9187999953571344 -0.03213505782302008 1.0194432041829977 -0.11443683057088684
20.46728971962617 0.9177447447284918 -0.020621878048811063 1.0147722164821564 -0.11872567185177041
20.507343124165555 0.9171424771398945 -0.009525988064476278 1.0099387042210808 -0.12254725849898676
20.54739652870494 0.916975270277401 0.0010923520447353743 1.0049619894510582 -0.12587137583570635
20.587449933244326 0.9172228660347612 0.011177492200448856 0.9998625540449048 -0.12867075358841867
20.62750333778371 0.9178628711030773 0.02067865289207101 0.9946619120008968 -0.13092122445122897
20.667556742323097 0.9188709623960123 0.029550202038247195 0.9893824792380379 -0.13260189267152397
20.707610146862482 0.9202210988355137 0.03775188144925706 0.9840474391687241 -0.13369527292894107
20.747663551401867 0.9218857372414172 0.04524899172182815 0.9786806055676522 -0.13418740445116936
20.787716955941256 0.9238360568893185 0.05201253339961117 0.9733062801225711 -0.13406793937097236
20.827770360480642 0.9260421917727893 0.05801930389812543 0.9679491052738934 -0.13333020490484404
20.867823765020027 0.928473463338337 0.06325197274979312 0.9626339166625285 -0.13197125245410726
20.907877169559413 0.931098617460577 0.06769909917139895 0.9573855928231487 -0.1299918721176006
20.947930574098798 0.9338860592007194 0.07135511208161502 0.9522289060239058 -0.12739658426148187
20.987983978638184 0.9368040871777894 0.07422025165679835 0.9471883732222348 -0.12419360770572427
21.02803738317757 0.9398211245277279 0.07630047265324087 0.9422881089525411 -0.12039480439237701
21.068090787716955 0.9429059450168097 0.07760730904060002 0.937551681030887 -0.11601560011553554
21.108144192256344 0.9460278926853132 0.07815770313853025 0.9330019700904791 -0.11107488309176247
21.14819759679573 0.9491570966229431 0.07797381004796405 0.928661032011339 -0.10559488707217929
21.188251001335114 0.9522646733108026 0.07708274633386537 0.9245499677751294 -0.09960103943379459
21.2283044058745 0.9553229200884232 0.07551632339596677 0.9206887987561861 -0.09312179911016415
21.268357810413885 0.9583054960402294 0.07331074563766658 0.9170963496723735 -0.08618847193686925
21.30841121495327 0.9611875973824484 0.07050629741792205 0.9137901349123784 -0.07883501865532791
21.348464619492656 0.9639461060460809 0.06714697508967145 0.9107862613074744 -0.07109782697780075
21.38851802403204 0.9665597346751115 0.06328012728748758 0.9080993332594 -0.06301548830590334
21.428571428571427 0.9690091517397437 0.05895606318539667 0.9057423701835525 -0.05462855307709436
21.468624833110816 0.971277097184706 0.054227653382370705 0.9037267298965316 -0.04597928071643955
21.5086782376502 0.9733484715460596 0.04914990323867187 0.9020620486002764 -0.037111370290188586
21.548731642189587 0.9752104118473859 0.04377952649110742 0.9007561893277766 -0.028069690055709272
21.588785046728972 0.976852349738205 0.03817451181233895 0.8998152016846599 -0.018900001024690777
21.628838451268358 0.978266066888103 0.03239368992507609 0.8992432833782792 -0.009648680609589691
21.668891855807743 0.9794457115959115 0.026496287233276433 0.8990427664284413 -0.0003624343620221779
21.70894526034713 0.9803877961705817 0.02054149188977784 0.8992141160096314 0.008911986513395878
21.748998664886514 0.9810912020962227 0.01458802371071486 0.8997559243933132 0.018128064536738618
21.7890520694259 0.9815571491499717 0.008693703912364148 0.9006649280902449 0.027239798848403256
21.82910547396529 0.9817891392876259 0.0029150510771336767 0.901936041851862 0.03620197441236342
21.869158878504674 0.9817929161150183 -0.0026931272752257415 0.9035623825659386 0.0449704324147399
21.90921228304406 0.9815763699332402 -0.00807810867811093 0.9055353290332739 0.05350232466999919
21.949265687583445 0.9811494506371218 -0.013189618529628086 0.9078445770282099 0.0617563603676464
21.98931909212283 0.9805240707336847 -0.01798017521902545 0.9104782012298914 0.06969304282846472
22.029372496662216 0.9797139856330511 -0.022405410886987727 0.9134227324557611 0.07727489337912886
22.0694259012016 0.9787346610548889 -0.026424366250373848 0.9166632439352818 0.08446666041495504
22.109479305740987 0.9776031298799852 -0.029999757712654652 0.9201834451962233 0.09123551230740952
22.149532710280372 0.9763378393700309 -0.03309821496627239 0.9239657830476586 0.09755121292806239
22.18958611481976 0.9749584916937292 -0.03569049225414344 0.9279915477061634 0.10338628143006151
22.229639519359147 0.9734858753468121 -0.0377516446240026 0.9322409858944397 0.10871613112147645
22.269692923898532 0.9719416895532631 -0.039261174385724754 0.9366934194398344 0.11351919041593647
22.309746328437917 0.970348363392469 -0.040203145618786656 0.9413273683310905 0.11777700433054146
22.349799732977303 0.9687288712788972 -0.0405662644940594 0.9461206772886678 0.12147431493703495
22.38985313751669 0.9671065460684597 -0.040343926293396795 0.9510506450294864 0.12459912114294203
22.429906542056074 0.9655048909811978 -0.039534229065915055 0.9560941554900162 0.12714271759801166
22.46995994659546 0.9639473916507122 -0.03813995323834683 0.9612278102183942 0.1290997121105398
22.510013351134848 0.9624573293459027 -0.03616851435583139 0.9664280610223371 0.1304680259495816
22.550066755674234 0.9610575968739001 -0.033631872946141235 0.9716713425211457 0.13124886671897926
22.59012016021362 0.9597705187577917 -0.030546421629494228 0.9769342028693272 0.13144668626645592
22.630173564753004 0.9586176765661019 -0.02693283956934387 0.9821934324732333 0.13106911723619372
22.67022696929239 0.9576197406345484 -0.022815918060780753 0.9874261897925637 0.13012689045917672
22.710280373831775 0.9567963093124189 -0.018224358674760164 0.992610123470902 0.12863373388994487
22.75033377837116 0.9561657570600788 -0.013190544901880067 0.9977234899357822 0.1266062534635382
22.790387182910546 0.9557450912604569 -0.007750292353763703 1.0027452663671361 0.12406379906306786
22.83044058744993 0.9555498204251519 -0.001942573484349633 1.0076552575143491 0.12102831261582865
22.87049399198932 0.9555938340776468 0.004190777242861699 1.0124341959659895 0.11752416197174129
22.910547396528706 0.9558892939777772 0.010605374318263876 1.0170638359524515 0.11357796274631712
22.95060080106809 0.9564465384475348 0.017254608728653035 1.0215270395985703 0.10921838753387429
22.990654205607477 0.9572740000914585 0.0240899887784803 1.025807855316108 0.10447596448554952
23.030707610146862 0.9583781373958818 0.031061491758027603 1.0298915879376946 0.09938286666646984
23.070761014686248 0.9597633812438993 0.038117924255379104 1.0337648598547493 0.09397269335982937
23.110814419225633 0.9614320980361316 0.04520728845208998 1.0374156619911852 0.08828024464097496
23.15086782376502 0.9633845544055221 0.0522771479948239 1.0408334037595466 0.08234129591694812
23.190921228304404 0.9656189183235319 0.05927500332571316 1.0440089405884858 0.07619235995412758
23.230974632843793 0.9681312611977105 0.06614865335039366 1.046934600248778 0.06987045708099289
23.27102803738318 0.9709155634977908 0.07284656450656189 1.049604207269867 0.06341288019662994
23.311081441922564 0.9739637741325572 0.07931822812160477 1.0520130731195547 0.05685695698075864
23.35113484646195 0.9772658466700259 0.08551450360686463 1.0541580002742845 0.05023982500265432
23.391188251001335 0.9808097884286517 0.09138796723297421 1.0560372784502663 0.04359820103476096
23.43124165554072 0.98458175617853 0.09689322204460027 1.0576506498252511 0.03696816536631832
23.471295060080106 0.9885661413119334 0.10198719858840079 1.0589992803683435 0.03038495355685232
23.51134846461949 0.9927456395105537 0.10662948168855234 1.060085742137282 0.023882735293157174
23.55140186915888 0.997101400128265 0.11078254437458668 1.060913941164992 0.017494434738974364
23.591455273698266 1.0016131204606802 0.11441202254199963 1.0614890817530707 0.011251536313460805
23.63150867823765 1.0062591957576126 0.11748692566125274 1.0618175927375926 0.005183918876749807
23.671562082777037 1.0110168586175534 0.11997983037902192 1.0619070594373239 -0.0006802979021097635
23.711615487316422 1.0158623143284782 0.12186707378719316 1.0617661580370377 -0.0063149062887854395
23.751668891855807 1.0207708974046943 0.12312890400862403 1.0614045745219614 -0.01169574139876439
23.791722296395193 1.0257172262521022 0.12374961632736875 1.060832923937719 -0.016800803130089803
23.83177570093458 1.0306753754775924 0.12371763112178237 1.0600626554449735 -0.02161034638449632
23.871829105473964 1.0356190404069463 0.12302556864645622 1.0591059619626404 -0.02610696803055317
23.911882510013353 1.040521705669227 0.1216702917939629 1.0579756854260527 -0.030275675433640632
23.951935914552738 1.045356816385296 0.11965292276147149 1.0566852188976643 -0.034103939843171546
23.991989319092124 1.0500979470787046 0.11697881326008405 1.0552484072486377 -0.03758172162361544
24.03204272363151 1.0547189702507975 0.11365750822472952 1.0536794475407345 -0.04070149157759634
24.072096128170895 1.0591942230499598 0.10970267647891811 1.0519927885280267 -0.04345823219068183
24.11214953271028 1.0634986719619393 0.10513201693010875 1.0502030298004967 -0.04584942392825374
24.152202937249665 1.067608070641535 0.09996711853723994 1.0483248220835064 -0.04787500274839631
24.19225634178905 1.0714991126455105 0.09423331873184596 1.0463727704121646 -0.04953731581464973
24.232309746328436 1.0751495788196337 0.0879595323270259 1.0443613385517816 -0.05084105867278261
24.272363150867825 1.0785384782395075 0.08117805843475508 1.0423047557992746 -0.05179319818562235
24.31241655540721 1.0816461757214655 0.07392435186167937 1.0402169292955614 -0.052402871952379824
24.352469959946596 1.084454515178859 0.06623679358340821 1.038111358613561 -0.05268128644908535
24.39252336448598 1.0869469327311643 0.058156438577918045 1.0360010548105436 -0.05264159987425224
24.432576769025367 1.0891085604034791 0.0497267466931496 1.033898463784996 -0.052298793232327064
24.472630173564752 1.090926311531955 0.04099328991666912 1.0318153985429803 -0.051669524132473485
24.512683578104138 1.092388961790666 0.032003461739249686 1.0297629739964913 -0.05077198104885713
24.552736982643523 1.0934872175454988 0.022806171470965787 1.027751547976905 -0.04962572636798719
24.59279038718291 1.0942137718659897 0.013451530056955771 1.0257906686307623 -0.048251532170993615
24.632843791722298 1.0945633399413992 0.003990527402688801 1.0238890327405403 -0.04667120725759018
24.672897196261683 1.0945326912605076 -0.005525289899957894 1.0220544458293073 -0.044907423796955045
24.71295060080107 1.094120666865491 -0.015044142969822961 1.020293790376661 -0.04298354000395352
24.753004005340454 1.093328183608159 -0.024514347619608353 1.0186130010465895 -0.04092341890348122
24.79305740987984 1.0921582177577316 -0.03388463629755689 1.0170170514940873 -0.03875124627062643
24.833110814419225 1.0906157850489449 -0.04310447351085863 1.0155099434064832 -0.036491351722462824
24.87316421895861 1.0887078956381366 -0.052124360768826664 1.0140947097683064 -0.03416803130443504
24.913217623497996 1.0864435406293602 -0.06089615736800531 1.0127734001110462 -0.03180536663661139
24.953271028037385 1.0838335757000492 -0.06937333822142547 1.011547124957237 -0.029427061846298844
24.99332443257677 1.0808907265779724 -0.07751132278634983 1.0104160303095682 -0.027056261437104656
25.033377837116156 1.0776294209111477 -0.08526768491797829 1.009379372533109 -0.024715405606343225
25.07343124165554 1.0740657657855996 -0.09260244213028387 1.0084355098302615 -0.022426065970564433
25.113484646194927 1.0702174058325902 -0.09947826562389167 1.0075819626691018 -0.02020880552201751
25.153538050734312 1.066103424812444 -0.10586069000192855 1.0068154502035016 -0.018083046433540997
25.193591455273697 1.0617442276300364 -0.11171832241180524 1.0061319375555404 -0.016066934798230098
25.233644859813083 1.0571614008501724 -0.11702299044901024 1.0055266973165602 -0.014177236652005258
25.27369826435247 1.0523775961422281 -0.1217499041670317 1.0049943578145428 -0.012429229876642795
25.313751668891857 1.0474163920547848 -0.12587779630815343 1.0045289641901967 -0.010836604748104712
25.353805073431243 1.0423021494742994 -0.12938901155065138 1.0041240448913626 -0.009411392480575346
25.39385847797063 1.0370598606209858 -0.13226958107185455 1.0037726822757171 -0.008163900907436392
25.433911882510014 1.031715003500157 -0.1345092860733511 1.0034675806088453 -0.007102657350780571
25.4739652870494 1.0262933892112962 -0.13610170410973166 1.0032011386569561 -0.006234360040942523
25.514018691588785 1.0208210085742704 -0.13704418074158617 1.002965525428448 -0.005563871641755105
25.55407209612817 1.0153238827637727 -0.1373378324508789 1.0027527525296056 -0.005094195692975077
25.594125500667555 1.0098279141573983 -0.13698750495519618 1.0025547480478763 -0.004826478179315413
25.63417890520694 1.004358738155539 -0.1360017100608644 1.0023634306914302 -0.004760021289321505
25.67423230974633 0.9989415773087534 -0.13439254338419337 1.0021707833590159 -0.0048923082456797185
25.714285714285715 0.9936010994403094 -0.13217556835670974 1.0019689257478996 -0.005219047629097265
25.7543391188251 0.9883612816300358 -0.12936968699499457 1.0017501842115712 -0.005734225933249973
25.794392523364486 0.9832452794234715 -0.12599699167728393 1.0015071594334268 -0.006430171457136705
25.83444592790387 0.9782753024478501 -0.12208259751253205 1.0012327912868322 -0.00729762990225939
25.874499332443257 0.9734724969867898 -0.11765445684879214 1.0009204205261486 -0.008325850862117685
25.914552736982643 0.9688568367104553 -0.11274315657571861 1.000563846632891 -0.00950268496529077
25.954606141522028 0.9644470198365924 -0.1073817044012802 1.000157382542571 -0.010814687975736093
25.994659546061417 0.9602603785297705 -0.10160529509883089 0.9996959034034539 -0.012247237591725118
26.034712950600802 0.9563127962684119 -0.09545107057513558 0.9991748912173232 -0.013784654605548383
26.074766355140188 0.9526186334121551 -0.08895787083658017 0.9985904753445658 -0.015410330093286791
26.114819759679573 0.9491906657553609 -0.08216597346472101 0.9979394663638186 -0.0171068604925352
26.15487316421896 0.9460400290074442 -0.07511683192627293 0.9972193867744862 -0.018856183943296047
26.194926568758344 0.9431761794790737 -0.06785280202654832 0.9964284933342874 -0.02063972504456303
26.23497997329773 0.9406068656491378 -0.06041686836935434 0.995565793548481 -0.02243854068645845
26.275033377837115 0.9383381065729993 -0.05285237309957891 0.9946310584247235 -0.024233465241038154
26.3150867823765 0.9363741819984858 -0.04520274333663141 0.9936248289916824 -0.02600525764973047
26.35514018691589 0.9347176449170214 -0.03751122400894516 0.9925484106611729 -0.027734747585934597
26.395193591455275 0.9333693193141523 -0.029820609170989963 0.99140387556113 -0.02940298104475085
26.43524699599466 0.93232831527883 -0.02217298169140823 0.990194055388341 -0.03099136277841171
26.475300400534046 0.9315921010490669 -0.014609468278747732 0.9889225033836799 -0.032481795429504384
26.51535380507343 0.9311564235946892 -0.0071699446731217755 0.9875935386174904 -0.03385683269644549
26.555407209612817 0.9310155840386569 0.00010710538583350872 0.9862120967071129 -0.035099778140172636
26.595460614152202 0.9311623338777609 0.007184865117407212 0.9847837868204644 -0.03619482438941423
26.635514018691588 0.9315879997607716 0.014028378562581515 0.9833148244033241 -0.03712716774581221
26.675567423230973 0.9322825337919212 0.02060474593777148 0.9818120040602317 -0.03788311654435174
26.715620827770362 0.9332346074015822 0.026883304011994045 0.9802826486682614 -0.038450194697611004
26.755674232309747 0.9344317130016263 0.032835774610837094 0.978734554010392 -0.03881722812291657
26.795727636849133 0.9358602718398535 0.03843642602804896 0.9771759298273656 -0.03897443763250702
26.83578104138852 0.937505723773027 0.04366218378816874 0.9756153504966144 -0.0389135025927026
26.875834445927904 0.9393526355680524 0.04849272798625233 0.9740616954822062 -0.038627618039157326
26.91588785046729 0.9413848208765487 0.052910580570632026 0.9725240832522211 -0.03811154630022089
26.955941255006675 0.9435854411777269 0.056901198146727755 0.9710118158000843 -0.03736167153319592
26.99599465954606 0.945937144577403 0.06045297871538877 0.9695343015270468 -0.03637600524905672
27.03604806408545 0.9484221695093238 0.06355733694269804 0.9681009982090477 -0.03515423089011019
27.076101468624834 0.9510224743217488 0.06620867428164552 0.9667213408267383 -0.03369768818781521
27.11615487316422 0.9537198504901335 0.06840435024864826 0.9654046788332042 -0.032009357712696876
27.156208277703605 0.9564960441382763 0.07014471828513345 0.9641602088718997 -0.030093882930458445
27.19626168224299 0.9593328742017809 0.07143298207240378 0.9629969088758444 -0.02795748826912324
27.236315086782376 0.9622123439044781 0.07227519247993994 0.9619234765078282 -0.025607977717706173
27.27636849132176 0.9651167565647925 0.07268014687180614 0.9609482647987355 -0.023054677421621525
27.316421895861147 0.9680288154664441 0.07265925165080188 0.9600792270116388 -0.020308355296752026
27.356475300400533 0.9709317408518428 0.07222647312170591 0.9593238517363738 -0.01738119368306762
27.39652870493992 0.9738093541825931 0.07139811902217084 0.9586891167307253 -0.014286660644607863
27.436582109479307 0.9766461739410207 0.07019273369952037 0.9581814363890125 -0.011039448481145327
27.476635514018692 0.9794275033989103 0.06863092824293494 0.9578066137349575 -0.007655373679445426
27.516688918558078 0.9821395117030245 0.06673521359320116 0.9575697964146486 -0.004151278106275777
27.556742323097463 0.9847693041435318 0.06452981121813137 0.9574754390811988 -0.0005449162895646595
27.59679572763685 0.9873049868974734 0.06204045957830583 0.9575272690831755 0.003145160124634338
27.636849132176234 0.989735724884399 0.05929421577915798 0.9577282562860757 0.006899721201192348
27.67690253671562 0.9920517912196173 0.05631924669289462 0.9580805879024498 0.01069898428432236
27.716955941255005 0.9942446033291571 0.05314461620132437 0.9585856513773363 0.014522742705328962
27.757009345794394 0.996306757003345 0.04980007470681248 0.9592440185699368 0.018350493260480244
27.79706275033378 0.9982320505927493 0.04631584339835896 0.9600554358834131 0.022161567381089098
27.837116154873165 1.0000154960597791 0.04272239773059492 0.9610188223976018 0.025935263551939043
27.87716955941255 1.0016533290569558 0.03905025229711552 0.9621322686183521 0.02965097894310897
27.917222963951936 1.003143002748319 0.03532975151414789 0.9633930452165677 0.033288338502901874
27.95727636849132 1.004483194079813 0.03159085402767721 0.9647976040941898 0.036827327089291574
27.997329773030707 1.0056737417613442 0.02786294402239755 0.9663416214738244 0.04024840938546557
28.037383177570092 1.0067156833084083 0.02417460994688675 0.9680199801175271 0.04353266365420207
28.077436582109478 1.007611144953729 0.02055349156032057 0.9698268422555976 0.04666188286130019
28.117489986648867 1.008363372029299 0.01702605570244343 0.9717556358250394 0.04961871059093879
28.157543391188252 1.008976618041438 0.013617476152581262 0.9737991284077585 0.052386722282344776
28.197596795727637 1.0094561200840209 0.01035145544107141 0.9759494476795889 0.054950536401120284
28.237650200267023 1.0098080327105325 0.0072500799855189455 0.9781981276778735 0.0572959078783126
28.27770360480641 1.0100393638419811 0.004333688005487109 0.9805361540319586 0.059409813557670076
28.317757009345794 1.0101578993108251 0.001620752747354389 0.9829540163505328 0.06128052894915702
28.35781041388518 1.0101721284031058 -0.0008722288001706952 0.9854417600814649 0.06289770152314228
28.397863818424565 1.010091156673141 -0.0031308097647407816 0.9879890466976493 0.06425240176034405
28.437917222963954 1.009924624422418 -0.005142669141713836 0.9905852103954059 0.0653371749464917
28.47797062750334 1.009682623323756 -0.006897674823432016 0.9932193161095579 0.06614608518181306
28.518024032042725 1.0093756076810874 -0.008387925961369282 0.9958802210995291 0.0666747469181114
28.55807743658211 1.0090143030900458 -0.009607775787034964 0.9985566383972053 0.0669203445131214
28.598130841121495 1.0086096153716761 -0.010553839193390787 1.0012372002940748 0.06688164223941126
28.63818424566088 1.00817254040874 -0.011224985988911874 1.0039105214628765 0.06655898524084548
28.678237650200266 1.0077140746697246 -0.011622318989203162 1.0065652618488845 0.06595429090889043
28.71829105473965 1.0072451266124653 -0.01174913589507296 1.0091901892183284 0.06507102998517408
28.758344459279037 1.0067764295632662 -0.0116108763633542 1.0117742409728885 0.06391419820839365
28.798397863818426 1.006318457205626 -0.011215054975724467 1.014306584511481 0.062490278824151556
28.83845126835781 1.0058813419309303 -0.010571179887140484 1.01677667597952 0.06080719578393309
28.878504672897197 1.0054747965316837 -0.009690658586865589 1.0191743170817753 0.05887425847202274
28.918558077436582 1.0051080409748105 -0.008586688281033362 1.0214897088908115 0.056702096185301865
28.958611481975968 1.0047897327534354 -0.007274139465600657 1.0237135034692326 0.054302587893023425
28.998664886515353 1.004527902372661 -0.0057694270986485335 1.025836852394194 0.051688783587736487
29.03871829105474 1.004329894217547 -0.004090372050889104 1.0278514519812776 0.048874818866203755
29.078771695594124 1.004202313526455 -0.0022560534914068983 1.0297495847261555 0.045875823050376734
29.11882510013351 1.0041509777152187 -0.0002866561481649828 1.0315241580233703 0.04270782353335448
29.1588785046729 1.0041808769510772 0.0017966930602042062 1.0331687370901894 0.039387642265875204
29.198931909212284 1.0042961390784662 0.0039720896369129805 1.0346775750803838 0.03593279087291327
29.23898531375167 1.0045000018376127 0.0062170213104377784 1.0360456385490227 0.032361361546213926
29.279038718291055 1.0047947920748934 0.008508540522269417 1.0372686284038453 0.028691915307353526
29.31909212283044 1.0051819146578105 0.010823439323281014 1.038342994552501 0.02494336743462757
29.359145527369826 1.0056618368292454 0.01313842162395051 1.0392659534682447 0.021134875158594867
29.39919893190921 1.006234096201295 0.01543027970604615 1.0400354903510145 0.017285719441013536
29.439252336448597 1.0068973077806618 0.017676062238795615 1.0406503616564202 0.013415192134318101
29.479305740987986 1.0076491695211847 0.019853245252717786 1.0411100986714839 0.009542481517786926
29.51935914552737 1.0084864926617325 0.021939895586429833 1.0414149945512925 0.0056865590368575854
29.559412550066757 1.0094052261157154 0.023914826686096347 1.0415660949826013 0.0018660715893981856
29.599465954606142 1.010400484595404 0.025757753949026567 1.0415651863579427 -0.0019007664252883535
29.639519359145527 1.011466590773491 0.027449438248904265 1.041414774299188 -0.005596275712564214
29.679572763684913 1.0125971226651425 0.02897181915491387 1.041118058333321 -0.009203409049944211
29.7196261682243 1.0137849594137205 0.03030814212573268 1.0406789073351514 -0.012705844308449493
29.759679572763684 1.015022334509444 0.03144308145508002 1.0401018299388216 -0.016088075883258283
29.79973297730307 1.0163009012477096 0.03236283483067084 1.0393919356986419 -0.01933549028467992
29.83978638184246 1.0176117925626733 0.03305522103437435 1.0385549000260077 -0.0224344428738646
29.879839786381844 1.01894568384468 0.03350977515261353 1.0375969270739276 -0.02537233347820975
29.91989319092123 1.0202928697913105 0.03371780007869893 1.036524701444257 -0.02813765691813736
29.959946595460615 1.0216433332873613 0.033672428641826624 1.0353453455032402 -0.030720058968055443
30.0 1.0229868175761028 0.03336868017457586 1.0340663743072647 -0.03311038933794515
